POS1: 0.5237941705607687, 0.1067236741585297, 0.2787394419726044, 0.9884142202914228, -0.017596192605686303, -0.09120844506036721, -0.1200363390026213
POS2: 0.5253151394044104, 0.2099227413564444, 0.29592559381512734, 0.9884142202914228, -0.017596192605686303, -0.09120844506036721, -0.1200363390026213
POS3: 0.5294506839600486, 0.18918362415352252, 0.46252280161666554, 0.9884142202914228, -0.017596192605686303, -0.09120844506036721, -0.1200363390026213
POS4: 0.2876184697228947, 0.16431091874585652, 0.4572476897838188, 0.9884142202914228, -0.017596192605686303, -0.09120844506036721, -0.1200363390026213
POS5: 0.2994871001481643, 0.06000837924843289, 0.4564380954919319, 0.9884142202914228, -0.017596192605686303, -0.09120844506036721, -0.1200363390026213
POS6: 0.29749991354719574, 0.16466465141342695, 0.4674568816232305, 0.9884142202914228, -0.017596192605686303, -0.09120844506036721, -0.1200363390026213