POS1: 523.7941705607687,  106.7236741585297,  278.7394419726044, 0.9884142202914228, -0.017596192605686303, -0.09120844506036721, -0.1200363390026213
POS2: 525.3151394044104,  209.9227413564444,  295.92559381512734, 0.9884142202914228, -0.017596192605686303, -0.09120844506036721, -0.1200363390026213
POS3: 529.4506839600486,  189.18362415352252, 462.52280161666554, 0.9884142202914228, -0.017596192605686303, -0.09120844506036721, -0.1200363390026213
POS4: 287.6184697228947,  164.31091874585652, 457.2476897838188, 0.9884142202914228, -0.017596192605686303, -0.09120844506036721, -0.1200363390026213
POS5: 299.4871001481643,  060.00837924843289, 456.4380954919319, 0.9884142202914228, -0.017596192605686303, -0.09120844506036721, -0.1200363390026213
POS6: 297.49991354719574, 164.66465141342695, 467.4568816232305, 0.9884142202914228, -0.017596192605686303, -0.09120844506036721, -0.1200363390026213